"Bil stelnummer,Medarbejder ID,Kunde ID,Periode for leasing (i dage) 91 - 1095,Afleveringsforsikring?,Lav selvrisiko?,Limited?,Udleveringsadresse,Pris,Starts dato,,,,,,,,,,,,,,,,,,
SD81410,1,1,742,0,1,1,Borgmestervangen 23,5499,5/24/2019,,,,,,,,,,,,,,,,,,
GD14486,1,1,716,1,1,0,Borgmestervangen 23,4999,6/11/2020,,,,,,,,,,,,,,,,,,
LY60908,1,1,640,1,0,0,Borgmestervangen 23,3799,12/18/2020,,,,,,,,,,,,,,,,,,
RM88502,1,1,246,0,1,0,Borgmestervangen 23,4299,8/27/2019,,,,,,,,,,,,,,,,,,
VJ83459,1,1,862,0,1,0,Borgmestervangen 23,5499,12/13/2019,,,,,,,,,,,,,,,,,,
UZ31907,1,1,549,0,1,0,Borgmestervangen 23,4999,4/11/2022,,,,,,,,,,,,,,,,,,
ME70914,1,1,423,1,1,1,Borgmestervangen 23,3799,3/4/2020,,,,,,,,,,,,,,,,,,
XO66522,1,1,590,0,1,0,Borgmestervangen 23,4299,10/9/2021,,,,,,,,,,,,,,,,,,
KO39020,1,1,489,1,0,1,Borgmestervangen 23,5499,7/12/2019,,,,,,,,,,,,,,,,,,
EY67683,1,1,389,0,0,0,Borgmestervangen 23,4999,4/20/2021,,,,,,,,,,,,,,,,,,
OZ75351,1,1,1071,0,1,1,Borgmestervangen 23,3799,3/26/2019,,,,,,,,,,,,,,,,,,
LR25051,1,1,1085,1,1,1,Borgmestervangen 23,4299,4/4/2021,,,,,,,,,,,,,,,,,,
JF95731,1,1,417,1,0,0,Borgmestervangen 23,5499,11/1/2020,,,,,,,,,,,,,,,,,,
BP10073,1,1,836,0,1,1,Borgmestervangen 23,4999,10/19/2019,,,,,,,,,,,,,,,,,,
QP28666,1,1,174,1,0,1,Borgmestervangen 23,3799,1/2/2022,,,,,,,,,,,,,,,,,,
NR52322,1,1,816,1,0,1,Borgmestervangen 23,4299,9/18/2019,,,,,,,,,,,,,,,,,,
FM30016,1,1,742,1,1,1,Borgmestervangen 23,5499,3/14/2019,,,,,,,,,,,,,,,,,,
ZW75944,1,1,893,1,1,0,Borgmestervangen 23,4999,6/23/2019,,,,,,,,,,,,,,,,,,
AL81624,1,1,464,0,1,0,Borgmestervangen 23,3799,3/25/2020,,,,,,,,,,,,,,,,,,
XW54909,1,1,348,1,0,0,Borgmestervangen 23,4299,1/29/2022,,,,,,,,,,,,,,,,,,
GV74321,1,1,896,1,0,1,Borgmestervangen 23,5499,12/9/2021,,,,,,,,,,,,,,,,,,
WW68137,1,1,873,1,1,1,Borgmestervangen 23,4999,12/30/2020,,,,,,,,,,,,,,,,,,
QH95394,1,1,377,1,0,1,Borgmestervangen 23,3799,5/28/2020,,,,,,,,,,,,,,,,,,
EK60331,1,1,524,1,1,0,Borgmestervangen 23,4299,5/21/2019,,,,,,,,,,,,,,,,,,
NG66862,1,1,383,0,1,0,Borgmestervangen 23,5499,12/16/2020,,,,,,,,,,,,,,,,,,
BH86640,1,1,888,0,0,1,Borgmestervangen 23,4999,2/3/2021,,,,,,,,,,,,,,,,,,
WN40058,1,1,643,0,0,0,Borgmestervangen 23,3799,8/12/2021,,,,,,,,,,,,,,,,,,
OO28199,1,1,97,1,1,0,Borgmestervangen 23,4299,10/15/2020,,,,,,,,,,,,,,,,,,
VP67582,1,1,987,1,0,1,Borgmestervangen 23,5499,10/16/2020,,,,,,,,,,,,,,,,,,
CU96424,1,1,908,0,0,0,Borgmestervangen 23,4999,2/18/2022,,,,,,,,,,,,,,,,,,
AO78678,1,1,121,1,0,1,Borgmestervangen 23,3799,1/31/2019,,,,,,,,,,,,,,,,,,
LT22370,1,1,392,1,0,1,Borgmestervangen 23,4299,1/25/2020,,,,,,,,,,,,,,,,,,
SU48377,1,1,867,0,0,1,Borgmestervangen 23,5499,2/21/2020,,,,,,,,,,,,,,,,,,
UD47653,1,1,761,1,1,0,Borgmestervangen 23,4999,3/23/2022,,,,,,,,,,,,,,,,,,
ZY61732,1,1,586,0,1,0,Borgmestervangen 23,3799,12/11/2018,,,,,,,,,,,,,,,,,,
BO58814,1,1,367,1,1,1,Borgmestervangen 23,4299,12/17/2018,,,,,,,,,,,,,,,,,,
PK83616,1,1,1055,0,1,1,Borgmestervangen 23,5499,2/20/2020,,,,,,,,,,,,,,,,,,
SX89260,1,1,956,1,1,1,Borgmestervangen 23,4999,6/10/2020,,,,,,,,,,,,,,,,,,
IE49598,1,1,812,0,1,0,Borgmestervangen 23,3799,7/11/2020,,,,,,,,,,,,,,,,,,
VM17962,1,1,501,1,1,1,Borgmestervangen 23,4299,7/18/2019,,,,,,,,,,,,,,,,,,
NS75449,1,1,102,1,1,1,Borgmestervangen 23,5499,6/23/2019,,,,,,,,,,,,,,,,,,
SM21364,1,1,1028,1,0,1,Borgmestervangen 23,4999,4/6/2020,,,,,,,,,,,,,,,,,,
MY98908,1,1,792,0,1,0,Borgmestervangen 23,3799,3/29/2022,,,,,,,,,,,,,,,,,,
UN66462,1,1,223,0,1,0,Borgmestervangen 23,4299,12/30/2019,,,,,,,,,,,,,,,,,,
TC76826,1,1,900,1,0,1,Borgmestervangen 23,5499,5/16/2020,,,,,,,,,,,,,,,,,,
ID30278,1,1,349,0,1,0,Borgmestervangen 23,4999,12/8/2019,,,,,,,,,,,,,,,,,,
YQ74480,1,1,635,0,1,0,Borgmestervangen 23,3799,9/8/2019,,,,,,,,,,,,,,,,,,
QU30907,1,1,366,0,1,0,Borgmestervangen 23,4299,1/22/2020,,,,,,,,,,,,,,,,,,
QA84082,1,1,427,1,1,1,Borgmestervangen 23,5499,3/2/2020,,,,,,,,,,,,,,,,,,
KN57388,1,1,754,0,0,0,Borgmestervangen 23,4999,3/6/2019,,,,,,,,,,,,,,,,,,
,,,,,,,,,,,,,,,,,,,,,,,,,,,
,,,,,,,,,,,,,,,,,,,,,,,,,,,
,,,,,,,,,,,,,,,,,,,,,,,,,,,
,,,,,,,,,,,,,,,,,,,,,,,,,,,
,,,,,,,,,,,,,,,,,,,,,,,,,,,
,,,,,,,,,,,,,,,,,,,,,,,,,,,
,,,,,,,,,,,,,,,,,,,,,,,,,,,
,,,,,,,,,,,,,,,,,,,,,,,,,,,
,,,,,,,,,,,,,,,,,,,,,,,,,,,
,,,,,,,,,,,,,,,,,,,,,,,,,,,
,,,,,,,,,,,,,,,,,,,,,,,,,,,
,,,,,,,,,,,,,,,,,,,,,,,,,,,
,,,,,,,,,,,,,,,,,,,,,,,,,,,
,,,,,,,,,,,,,,,,,,,,,,,,,,,
,,,,,,,,,,,,,,,,,,,,,,,,,,,
,,,,,,,,,,,,,,,,,,,,,,,,,,,
,,,,,,,,,,,,,,,,,,,,,,,,,,,
,,,,,,,,,,,,,,,,,,,,,,,,,,,
,,,,,,,,,,,,,,,,,,,,,,,,,,,
,,,,,,,,,,,,,,,,,,,,,,,,,,,
,,,,,,,,,,,,,,,,,,,,,,,,,,,
,,,,,,,,,,,,,,,,,,,,,,,,,,,
,,,,,,,,,,,,,,,,,,,,,,,,,,,
,,,,,,,,,,,,,,,,,,,,,,,,,,,
,,,,,,,,,,,,,,,,,,,,,,,,,,,
,,,,,,,,,,,,,,,,,,,,,,,,,,,
,,,,,,,,,,,,,,,,,,,,,,,,,,,
,,,,,,,,,,,,,,,,,,,,,,,,,,,
,,,,,,,,,,,,,,,,,,,,,,,,,,,
,,,,,,,,,,,,,,,,,,,,,,,,,,,
,,,,,,,,,,,,,,,,,,,,,,,,,,,
,,,,,,,,,,,,,,,,,,,,,,,,,,,
,,,,,,,,,,,,,,,,,,,,,,,,,,,
,,,,,,,,,,,,,,,,,,,,,,,,,,,
,,,,,,,,,,,,,,,,,,,,,,,,,,,
,,,,,,,,,,,,,,,,,,,,,,,,,,,
,,,,,,,,,,,,,,,,,,,,,,,,,,,
,,,,,,,,,,,,,,,,,,,,,,,,,,,
,,,,,,,,,,,,,,,,,,,,,,,,,,,
,,,,,,,,,,,,,,,,,,,,,,,,,,,
,,,,,,,,,,,,,,,,,,,,,,,,,,,
,,,,,,,,,,,,,,,,,,,,,,,,,,,
,,,,,,,,,,,,,,,,,,,,,,,,,,,
,,,,,,,,,,,,,,,,,,,,,,,,,,,
,,,,,,,,,,,,,,,,,,,,,,,,,,,
,,,,,,,,,,,,,,,,,,,,,,,,,,,
,,,,,,,,,,,,,,,,,,,,,,,,,,,
,,,,,,,,,,,,,,,,,,,,,,,,,,,
,,,,,,,,,,,,,,,,,,,,,,,,,,,
,,,,,,,,,,,,,,,,,,,,,,,,,,,
,,,,,,,,,,,,,,,,,,,,,,,,,,,
,,,,,,,,,,,,,,,,,,,,,,,,,,,
,,,,,,,,,,,,,,,,,,,,,,,,,,,
,,,,,,,,,,,,,,,,,,,,,,,,,,,
,,,,,,,,,,,,,,,,,,,,,,,,,,,
,,,,,,,,,,,,,,,,,,,,,,,,,,,
,,,,,,,,,,,,,,,,,,,,,,,,,,,
,,,,,,,,,,,,,,,,,,,,,,,,,,,
,,,,,,,,,,,,,,,,,,,,,,,,,,,
,,,,,,,,,,,,,,,,,,,,,,,,,,,
,,,,,,,,,,,,,,,,,,,,,,,,,,,
,,,,,,,,,,,,,,,,,,,,,,,,,,,
,,,,,,,,,,,,,,,,,,,,,,,,,,,
,,,,,,,,,,,,,,,,,,,,,,,,,,,
,,,,,,,,,,,,,,,,,,,,,,,,,,,
,,,,,,,,,,,,,,,,,,,,,,,,,,,
,,,,,,,,,,,,,,,,,,,,,,,,,,,
,,,,,,,,,,,,,,,,,,,,,,,,,,,
,,,,,,,,,,,,,,,,,,,,,,,,,,,
,,,,,,,,,,,,,,,,,,,,,,,,,,,
,,,,,,,,,,,,,,,,,,,,,,,,,,,
,,,,,,,,,,,,,,,,,,,,,,,,,,,
,,,,,,,,,,,,,,,,,,,,,,,,,,,
,,,,,,,,,,,,,,,,,,,,,,,,,,,
,,,,,,,,,,,,,,,,,,,,,,,,,,,
,,,,,,,,,,,,,,,,,,,,,,,,,,,
,,,,,,,,,,,,,,,,,,,,,,,,,,,
,,,,,,,,,,,,,,,,,,,,,,,,,,,
,,,,,,,,,,,,,,,,,,,,,,,,,,,
,,,,,,,,,,,,,,,,,,,,,,,,,,,
,,,,,,,,,,,,,,,,,,,,,,,,,,,
,,,,,,,,,,,,,,,,,,,,,,,,,,,
,,,,,,,,,,,,,,,,,,,,,,,,,,,
,,,,,,,,,,,,,,,,,,,,,,,,,,,
,,,,,,,,,,,,,,,,,,,,,,,,,,,
,,,,,,,,,,,,,,,,,,,,,,,,,,,
,,,,,,,,,,,,,,,,,,,,,,,,,,,
,,,,,,,,,,,,,,,,,,,,,,,,,,,
,,,,,,,,,,,,,,,,,,,,,,,,,,,
,,,,,,,,,,,,,,,,,,,,,,,,,,,
,,,,,,,,,,,,,,,,,,,,,,,,,,,
,,,,,,,,,,,,,,,,,,,,,,,,,,,
,,,,,,,,,,,,,,,,,,,,,,,,,,,
,,,,,,,,,,,,,,,,,,,,,,,,,,,
,,,,,,,,,,,,,,,,,,,,,,,,,,,
,,,,,,,,,,,,,,,,,,,,,,,,,,,
,,,,,,,,,,,,,,,,,,,,,,,,,,,
,,,,,,,,,,,,,,,,,,,,,,,,,,,
,,,,,,,,,,,,,,,,,,,,,,,,,,,
,,,,,,,,,,,,,,,,,,,,,,,,,,,
,,,,,,,,,,,,,,,,,,,,,,,,,,,
,,,,,,,,,,,,,,,,,,,,,,,,,,,
,,,,,,,,,,,,,,,,,,,,,,,,,,,
,,,,,,,,,,,,,,,,,,,,,,,,,,,
,,,,,,,,,,,,,,,,,,,,,,,,,,,
,,,,,,,,,,,,,,,,,,,,,,,,,,,
,,,,,,,,,,,,,,,,,,,,,,,,,,,
,,,,,,,,,,,,,,,,,,,,,,,,,,,
,,,,,,,,,,,,,,,,,,,,,,,,,,,
,,,,,,,,,,,,,,,,,,,,,,,,,,,
,,,,,,,,,,,,,,,,,,,,,,,,,,,
,,,,,,,,,,,,,,,,,,,,,,,,,,,
,,,,,,,,,,,,,,,,,,,,,,,,,,,
,,,,,,,,,,,,,,,,,,,,,,,,,,,
,,,,,,,,,,,,,,,,,,,,,,,,,,,
,,,,,,,,,,,,,,,,,,,,,,,,,,,
,,,,,,,,,,,,,,,,,,,,,,,,,,,
,,,,,,,,,,,,,,,,,,,,,,,,,,,
,,,,,,,,,,,,,,,,,,,,,,,,,,,
,,,,,,,,,,,,,,,,,,,,,,,,,,,
,,,,,,,,,,,,,,,,,,,,,,,,,,,
,,,,,,,,,,,,,,,,,,,,,,,,,,,
,,,,,,,,,,,,,,,,,,,,,,,,,,,
,,,,,,,,,,,,,,,,,,,,,,,,,,,
,,,,,,,,,,,,,,,,,,,,,,,,,,,
,,,,,,,,,,,,,,,,,,,,,,,,,,,
,,,,,,,,,,,,,,,,,,,,,,,,,,,
"
